0   1560   2066
2.26757e-05   1417   1940
4.53515e-05   1562   2119
6.80272e-05   1873   2453
9.07029e-05   2093   2716
0.000113379   2047   2739
0.000136054   1734   2507
0.00015873   1261   2132
0.000181406   921   1824
0.000204082   819   1771
0.000226757   965   1872
0.000249433   1165   1961
0.000272109   1381   2052
0.000294785   1628   2152
0.00031746   1918   2283
0.000340136   2213   2380
0.000362812   2527   2565
0.000385488   2769   2719
0.000408163   2845   2800
0.000430839   2819   2779
0.000453515   2733   2704
0.00047619   2498   2547
0.000498866   2118   2267
0.000521542   1747   2040
0.000544218   1569   1925
0.000566893   1700   2096
0.000589569   1922   2328
0.000612245   2003   2436
0.000634921   1858   2330
0.000657596   1527   2001
0.000680272   1100   1589
0.000702948   754   1228
0.000725624   544   1043
0.000748299   420   912
0.000770975   231   709
0.000793651   18   447
0.000816327   -40   325
0.000839002   80   460
0.000861678   308   652
0.000884354   586   889
0.000907029   723   965
0.000929705   683   876
0.000952381   529   669
0.000975057   308   414
0.000997732   106   175
0.00102041   -8   -5
0.00104308   15   62
0.00106576   152   228
0.00108844   351   464
0.00111111   406   569
0.00113379   203   406
0.00115646   -174   87
0.00117914   -559   -229
0.00120181   -752   -365
0.00122449   -671   -329
0.00124717   -638   -270
0.00126984   -724   -309
0.00129252   -916   -508
0.00131519   -1096   -731
0.00133787   -1146   -832
0.00136054   -1087   -791
0.00138322   -992   -768
0.0014059   -867   -725
0.00142857   -702   -739
0.00145125   -624   -854
0.00147392   -681   -1042
0.0014966   -818   -1322
0.00151927   -853   -1485
0.00154195   -679   -1424
0.00156463   -365   -1151
0.0015873   -142   -959
0.00160998   -257   -1027
0.00163265   -617   -1351
0.00165533   -987   -1727
0.001678   -1240   -1902
0.00170068   -1299   -1888
0.00172336   -1241   -1764
0.00174603   -1160   -1680
0.00176871   -1267   -1761
0.00179138   -1495   -1928
0.00181406   -1802   -2145
0.00183673   -2008   -2287
0.00185941   -2053   -2372
0.00188209   -2002   -2346
0.00190476   -1881   -2271
0.00192744   -1869   -2276
0.00195011   -1893   -2379
0.00197279   -1956   -2511
0.00199546   -2047   -2594
0.00201814   -1980   -2568
0.00204082   -1713   -2369
0.00206349   -1329   -2106
0.00208617   -1038   -1905
0.00210884   -917   -1871
0.00213152   -909   -1912
0.00215419   -870   -1909
0.00217687   -625   -1682
0.00219955   -369   -1377
0.00222222   -128   -1110
0.0022449   -96   -925
0.00226757   -252   -928
0.00229025   -463   -1036
0.00231293   -663   -1120
0.0023356   -706   -1068
0.00235828   -702   -985
0.00238095   -723   -1001
0.00240363   -769   -1088
0.0024263   -860   -1312
0.00244898   -984   -1428
0.00247166   -1057   -1476
0.00249433   -930   -1387
0.00251701   -641   -1094
0.00253968   -233   -751
0.00256236   174   -367
0.00258503   413   -83
0.00260771   496   85
0.00263039   410   17
0.00265306   331   3
0.00267574   366   115
0.00269841   546   323
0.00272109   758   627
0.00274376   895   793
0.00276644   829   817
0.00278912   682   832
0.00281179   616   933
0.00283447   704   1160
0.00285714   908   1494
0.00287982   1056   1819
0.00290249   1007   1863
0.00292517   762   1696
0.00294785   441   1364
0.00297052   206   1152
0.0029932   222   1170
0.00301587   513   1382
0.00303855   918   1704
0.00306122   1261   1890
0.0030839   1491   1993
0.00310658   1574   1953
0.00312925   1620   1956
0.00315193   1708   1943
0.0031746   1956   2074
0.00319728   2265   2320
0.00321995   2507   2478
0.00324263   2588   2476
0.00326531   2495   2258
0.00328798   2297   2037
0.00331066   2112   1900
0.00333333   1963   1854
0.00335601   1853   1858
0.00337868   1624   1738
0.00340136   1257   1595
0.00342404   792   1337
0.00344671   328   1090
0.00346939   -4   897
0.00349206   -203   782
0.00351474   -196   814
0.00353741   -68   900
0.00356009   163   1077
0.00358277   317   1140
0.00360544   406   1226
0.00362812   503   1242
0.00365079   635   1275
0.00367347   842   1362
0.00369615   1061   1466
0.00371882   1225   1537
0.0037415   1309   1509
0.00376417   1332   1453
0.00378685   1330   1340
0.00380952   1274   1203
0.0038322   1218   1076
0.00385488   1089   965
0.00387755   928   880
0.00390023   767   767
0.0039229   392   473
0.00394558   -327   -215
0.00396825   -1096   -920
0.00399093   -1387   -1142
0.00401361   -1183   -872
0.00403628   -846   -433
0.00405896   -759   -217
0.00408163   -836   -194
0.00410431   -647   -53
0.00412698   -263   273
0.00414966   -162   266
0.00417234   -325   42
0.00419501   -326   -25
0.00421769   -86   116
0.00424036   230   328
0.00426304   548   449
0.00428571   717   398
0.00430839   641   148
0.00433107   410   -198
0.00435374   224   -576
0.00437642   142   -812
0.00439909   89   -934
0.00442177   -67   -1127
0.00444444   -208   -1237
0.00446712   -135   -1134
0.0044898   38   -867
0.00451247   24   -674
0.00453515   -224   -712
0.00455782   -583   -909
0.0045805   -839   -1050
0.00460317   -944   -1045
0.00462585   -965   -1031
0.00464853   -1194   -1210
0.0046712   -1616   -1657
0.00469388   -1946   -2016
0.00471655   -2083   -2133
0.00473923   -1914   -1976
0.0047619   -1471   -1576
0.00478458   -739   -934
0.00480726   -172   -456
0.00482993   95   -314
0.00485261   396   -97
0.00487528   844   217
0.00489796   946   151
0.00492063   408   -547
0.00494331   -333   -1394
0.00496599   -867   -1978
0.00498866   -1212   -2380
0.00501134   -1384   -2589
0.00503401   -1421   -2559
0.00505669   -1488   -2472
0.00507936   -1679   -2473
0.00510204   -1845   -2492
0.00512472   -1636   -2139
0.00514739   -1146   -1542
0.00517007   -780   -1139
0.00519274   -707   -1113
0.00521542   -653   -1121
0.0052381   -319   -785
0.00526077   239   -286
0.00528345   647   75
0.00530612   756   90
0.0053288   586   -144
0.00535147   424   -352
0.00537415   286   -437
0.00539683   255   -401
0.0054195   335   -258
0.00544218   325   -215
0.00546485   100   -454
0.00548753   -369   -962
0.0055102   -636   -1268
0.00553288   -656   -1309
0.00555556   -724   -1378
0.00557823   -851   -1412
0.00560091   -624   -1026
0.00562358   107   -127
0.00564626   846   803
0.00566893   -13108   -13108
0.00569161   -13108   -13108
0.00571429   -13108   -13108
0.00573696   -13108   -13108
0.00575964   -13108   -13108
0.00578231   -13108   -13108
0.00580499   -13108   -13108
0.00582766   -13108   -13108
0.00585034   -13108   -13108
0.00587302   -13108   -13108
0.00589569   -13108   -13108
0.00591837   -13108   -13108
0.00594104   -13108   -13108
0.00596372   -13108   -13108
0.00598639   -13108   -13108
0.00600907   -13108   -13108
0.00603175   -13108   -13108
0.00605442   -13108   -13108
0.0060771   -13108   -13108
0.00609977   -13108   -13108
0.00612245   -13108   -13108
0.00614512   -13108   -13108
0.0061678   -13108   -13108
0.00619048   -13108   -13108
0.00621315   -13108   -13108
0.00623583   -13108   -13108
0.0062585   -13108   -13108
0.00628118   -13108   -13108
0.00630385   -13108   -13108
0.00632653   -13108   -13108
0.00634921   -13108   -13108
0.00637188   -13108   -13108
0.00639456   -13108   -13108
0.00641723   -13108   -13108
0.00643991   -13108   -13108
0.00646258   -13108   -13108
0.00648526   -13108   -13108
0.00650794   -13108   -13108
0.00653061   -13108   -13108
0.00655329   -13108   -13108
0.00657596   -13108   -13108
0.00659864   -13108   -13108
0.00662132   -13108   -13108
0.00664399   -13108   -13108
0.00666667   -13108   -13108
0.00668934   -13108   -13108
0.00671202   -13108   -13108
0.00673469   -13108   -13108
0.00675737   -13108   -13108
0.00678005   -13108   -13108
0.00680272   -13108   -13108
0.0068254   -13108   -13108
0.00684807   -13108   -13108
0.00687075   -13108   -13108
0.00689342   -13108   -13108
0.0069161   -13108   -13108
0.00693878   -13108   -13108
0.00696145   -13108   -13108
0.00698413   -13108   -13108
0.0070068   -13108   -13108
0.00702948   -13108   -13108
0.00705215   -13108   -13108
0.00707483   -13108   -13108
0.00709751   -13108   -13108
0.00712018   -13108   -13108
0.00714286   -13108   -13108
0.00716553   -13108   -13108
0.00718821   -13108   -13108
0.00721088   -13108   -13108
0.00723356   -13108   -13108
0.00725624   -13108   -13108
0.00727891   -13108   -13108
0.00730159   -13108   -13108
0.00732426   -13108   -13108
0.00734694   -13108   -13108
0.00736961   -13108   -13108
0.00739229   -13108   -13108
0.00741497   -13108   -13108
0.00743764   -13108   -13108
0.00746032   -13108   -13108
0.00748299   -13108   -13108
0.00750567   -13108   -13108
0.00752834   -13108   -13108
0.00755102   -13108   -13108
0.0075737   -13108   -13108
0.00759637   -13108   -13108
0.00761905   -13108   -13108
0.00764172   -13108   -13108
0.0076644   -13108   -13108
0.00768707   -13108   -13108
0.00770975   -13108   -13108
0.00773243   -13108   -13108
0.0077551   -13108   -13108
0.00777778   -13108   -13108
0.00780045   -13108   -13108
0.00782313   -13108   -13108
0.00784581   -13108   -13108
0.00786848   -13108   -13108
0.00789116   -13108   -13108
0.00791383   -13108   -13108
0.00793651   -13108   -13108
0.00795918   -13108   -13108
0.00798186   -13108   -13108
0.00800453   -13108   -13108
0.00802721   -13108   -13108
0.00804989   -13108   -13108
0.00807256   -13108   -13108
0.00809524   -13108   -13108
0.00811791   -13108   -13108
0.00814059   -13108   -13108
0.00816326   -13108   -13108
0.00818594   -13108   -13108
0.00820862   -13108   -13108
0.00823129   -13108   -13108
0.00825397   -13108   -13108
0.00827664   -13108   -13108
0.00829932   -13108   -13108
0.00832199   -13108   -13108
0.00834467   -13108   -13108
0.00836735   -13108   -13108
0.00839002   -13108   -13108
0.0084127   -13108   -13108
0.00843537   -13108   -13108
0.00845805   -13108   -13108
0.00848073   -13108   -13108
0.0085034   -13108   -13108
0.00852608   -13108   -13108
0.00854875   -13108   -13108
0.00857143   -13108   -13108
0.0085941   -13108   -13108
0.00861678   -13108   -13108
0.00863946   -13108   -13108
0.00866213   -13108   -13108
0.00868481   -13108   -13108
0.00870748   -13108   -13108
0.00873016   -13108   -13108
0.00875283   -13108   -13108
0.00877551   -13108   -13108
0.00879819   -13108   -13108
0.00882086   -13108   -13108
0.00884354   -13108   -13108
0.00886621   -13108   -13108
0.00888889   -13108   -13108
0.00891156   -13108   -13108
0.00893424   -13108   -13108
0.00895692   -13108   -13108
0.00897959   -13108   -13108
0.00900227   -13108   -13108
0.00902494   -13108   -13108
0.00904762   -13108   -13108
0.00907029   -13108   -13108
0.00909297   -13108   -13108
0.00911565   -13108   -13108
0.00913832   -13108   -13108
0.009161   -13108   -13108
0.00918367   -13108   -13108
0.00920635   -13108   -13108
0.00922902   -13108   -13108
0.0092517   -13108   -13108
0.00927438   -13108   -13108
0.00929705   -13108   -13108
0.00931973   -13108   -13108
0.0093424   -13108   -13108
0.00936508   -13108   -13108
0.00938775   -13108   -13108
0.00941043   -13108   -13108
0.00943311   -13108   -13108
0.00945578   -13108   -13108
0.00947846   -13108   -13108
0.00950113   -13108   -13108
0.00952381   -13108   -13108
0.00954648   -13108   -13108
0.00956916   -13108   -13108
0.00959184   -13108   -13108
0.00961451   -13108   -13108
0.00963719   -13108   -13108
0.00965986   -13108   -13108
0.00968254   -13108   -13108
0.00970522   -13108   -13108
0.00972789   -13108   -13108
0.00975057   -13108   -13108
0.00977324   -13108   -13108
0.00979592   -13108   -13108
0.00981859   -13108   -13108
0.00984127   -13108   -13108
0.00986395   -13108   -13108
0.00988662   -13108   -13108
0.0099093   -13108   -13108
0.00993197   -13108   -13108
0.00995465   -13108   -13108
0.00997732   -13108   -13108
0.01   -13108   -13108
0.0100227   -13108   -13108
0.0100454   -13108   -13108
0.010068   -13108   -13108
0.0100907   -13108   -13108
0.0101134   -13108   -13108
0.0101361   -13108   -13108
0.0101587   -13108   -13108
0.0101814   -13108   -13108
0.0102041   -13108   -13108
0.0102268   -13108   -13108
0.0102494   -13108   -13108
0.0102721   -13108   -13108
0.0102948   -13108   -13108
0.0103175   -13108   -13108
0.0103401   -13108   -13108
0.0103628   -13108   -13108
0.0103855   -13108   -13108
0.0104082   -13108   -13108
0.0104308   -13108   -13108
0.0104535   -13108   -13108
0.0104762   -13108   -13108
0.0104989   -13108   -13108
0.0105215   -13108   -13108
0.0105442   -13108   -13108
0.0105669   -13108   -13108
0.0105896   -13108   -13108
0.0106122   -13108   -13108
0.0106349   -13108   -13108
0.0106576   -13108   -13108
0.0106803   -13108   -13108
0.0107029   -13108   -13108
0.0107256   -13108   -13108
0.0107483   -13108   -13108
0.010771   -13108   -13108
0.0107937   -13108   -13108
0.0108163   -13108   -13108
0.010839   -13108   -13108
0.0108617   -13108   -13108
0.0108844   -13108   -13108
0.010907   -13108   -13108
0.0109297   -13108   -13108
0.0109524   -13108   -13108
0.0109751   -13108   -13108
0.0109977   -13108   -13108
0.0110204   -13108   -13108
0.0110431   -13108   -13108
0.0110658   -13108   -13108
0.0110884   -13108   -13108
0.0111111   -13108   -13108
0.0111338   -13108   -13108
0.0111565   -13108   -13108
0.0111791   -13108   -13108
0.0112018   -13108   -13108
0.0112245   -13108   -13108
0.0112472   -13108   -13108
0.0112698   -13108   -13108
0.0112925   -13108   -13108
0.0113152   -13108   -13108
