0 0 0 0 0
1 626 156 352 1135
2 1250 313 704 2267
3 1869 469 1054 3393
4 2481 625 1402 4508
5 3083 780 1746 5610
6 3673 934 2087 6695
7 4248 1088 2424 7761
8 4807 1240 2754 8803
9 5347 1391 3079 9819
10 5866 1541 3397 10805
11 6362 1690 3708 11760
12 6832 1836 4010 12680
13 7276 1981 4304 13562
14 7692 2124 4587 14404
15 8077 2265 4861 15204
16 8431 2403 5124 15959
17 8751 2539 5376 16667
18 9037 2673 5616 17327
19 9287 2804 5843 17936
20 9501 2933 6058 18493
21 9678 3058 6259 18996
22 9816 3181 6446 19444
23 9916 3300 6619 19836
24 9978 3416 6777 20172
25 9999 3529 6921 20450
26 9982 3638 7049 20670
27 9925 3744 7162 20832
28 9830 3846 7258 20935
29 9696 3944 7339 20979
30 9523 4038 7403 20966
31 9313 4129 7451 20895
32 9067 4215 7483 20766
33 8785 4297 7498 20581
34 8469 4375 7497 20341
35 8119 4449 7479 20047
36 7737 4518 7444 19700
37 7325 4583 7393 19302
38 6884 4643 7325 18854
39 6416 4699 7242 18359
40 5923 4750 7142 17817
41 5407 4797 7027 17232
42 4869 4839 6896 16605
43 4313 4876 6750 15939
44 3739 4908 6589 15237
45 3151 4935 6413 14500
46 2550 4958 6223 13732
47 1939 4976 6020 12935
48 1321 4989 5803 12113
49 697 4996 5573 11268
50 71 4999 5331 10402
51 -555 4998 5077 9520
52 -1179 4991 4812 8624
53 -1799 4979 4537 7717
54 -2412 4962 4251 6802
55 -3015 4941 3956 5882
56 -3606 4915 3652 4960
57 -4184 4883 3340 4040
58 -4744 4848 3021 3124
59 -5287 4807 2695 2215
60 -5808 4761 2363 1316
61 -6307 4711 2026 430
62 -6780 4656 1684 -439
63 -7227 4597 1339 -1291
64 -7646 4533 990 -2122
65 -8035 4465 640 -2929
66 -8392 4392 288 -3711
67 -8716 4315 -64 -4464
68 -9006 4234 -416 -5188
69 -9261 4149 -768 -5879
70 -9479 4059 -1117 -6537
71 -9660 3966 -1465 -7159
72 -9803 3868 -1809 -7743
73 -9907 3767 -2149 -8289
74 -9973 3662 -2484 -8794
75 -9999 3554 -2814 -9259
76 -9986 3442 -3138 -9682
77 -9934 3327 -3454 -10062
78 -9843 3208 -3763 -10398
79 -9713 3086 -4064 -10691
80 -9545 2961 -4356 -10939
81 -9339 2834 -4638 -11143
82 -9097 2703 -4910 -11303
83 -8819 2570 -5171 -11420
84 -8506 2434 -5420 -11492
85 -8160 2296 -5658 -11522
86 -7782 2156 -5883 -11509
87 -7373 2014 -6095 -11455
88 -6936 1869 -6294 -11360
89 -6471 1723 -6479 -11227
90 -5981 1575 -6649 -11055
91 -5467 1426 -6805 -10846
92 -4931 1275 -6945 -10602
93 -4377 1123 -7071 -10325
94 -3805 969 -7180 -10016
95 -3218 815 -7274 -9677
96 -2619 660 -7352 -9310
97 -2009 504 -7413 -8918
98 -1391 348 -7458 -8501
99 -768 192 -7487 -8063
100 -142 35 -7499 -7606
101 484 -121 -7495 -7131
102 1109 -277 -7473 -6642
103 1729 -434 -7436 -6140
104 2343 -589 -7382 -5629
105 2947 -745 -7311 -5109
106 3540 -899 -7225 -4584
107 4119 -1053 -7122 -4057
108 4682 -1206 -7004 -3528
109 5226 -1357 -6871 -3002
110 5750 -1507 -6722 -2479
111 6251 -1656 -6558 -1963
112 6728 -1803 -6380 -1455
113 7178 -1948 -6187 -957
114 7600 -2092 -5981 -473
115 7992 -2233 -5762 -3
116 8353 -2372 -5530 450
117 8681 -2509 -5286 886
118 8975 -2643 -5030 1301
119 9234 -2775 -4763 1695
120 9456 -2904 -4485 2066
121 9641 -3030 -4198 2412
122 9788 -3153 -3901 2733
123 9897 -3273 -3596 3027
124 9967 -3390 -3282 3294
125 9998 -3503 -2962 3532
126 9989 -3613 -2635 3740
127 9942 -3720 -2302 3919
128 9855 -3823 -1964 4067
129 9729 -3922 -1622 4185
130 9566 -4017 -1276 4272
131 9364 -4108 -927 4328
132 9126 -4196 -576 4354
133 8852 -4279 -224 4349
134 8544 -4358 128 4313
135 8201 -4432 480 4249
136 7827 -4503 831 4155
137 7421 -4569 1181 4033
138 6987 -4630 1527 3884
139 6525 -4687 1871 3709
140 6038 -4739 2210 3509
141 5526 -4787 2545 3284
142 4993 -4830 2873 3037
143 4441 -4868 3196 2769
144 3871 -4901 3511 2481
145 3285 -4930 3819 2175
146 2687 -4953 4118 1852
147 2079 -4972 4408 1514
148 1462 -4986 4688 1164
149 839 -4995 4958 802
150 213 -4999 5217 431
151 -413 -4998 5465 53
152 -1038 -4993 5700 -330
153 -1659 -4982 5923 -718
154 -2273 -4967 6132 -1108
155 -2879 -4946 6329 -1497
156 -3473 -4921 6511 -1884
157 -4054 -4891 6678 -2266
158 -4619 -4856 6831 -2643
159 -5165 -4816 6969 -3012
160 -5691 -4772 7092 -3372
161 -6195 -4723 7199 -3720
162 -6675 -4669 7289 -4055
163 -7128 -4611 7364 -4375
164 -7554 -4548 7423 -4679
165 -7949 -4481 7465 -4965
166 -8314 -4409 7490 -5232
167 -8645 -4333 7499 -5479
168 -8943 -4253 7492 -5704
169 -9206 -4168 7468 -5907
170 -9432 -4080 7427 -6085
171 -9622 -3987 7370 -6239
172 -9774 -3891 7297 -6367
173 -9887 -3791 7207 -6470
174 -9961 -3686 7102 -6546
175 -9996 -3579 6981 -6594
176 -9992 -3468 6845 -6615
177 -9949 -3353 6693 -6609
178 -9867 -3235 6527 -6575
179 -9746 -3114 6346 -6514
180 -9586 -2990 6151 -6425
181 -9389 -2863 5942 -6310
182 -9155 -2733 5721 -6168
183 -8885 -2601 5486 -5999
184 -8580 -2465 5240 -5806
185 -8242 -2328 4982 -5588
186 -7871 -2188 4713 -5346
187 -7469 -2046 4434 -5081
188 -7038 -1902 4145 -4795
189 -6579 -1756 3846 -4489
190 -6094 -1609 3539 -4164
191 -5586 -1460 3225 -3820
192 -5055 -1309 2903 -3461
193 -4504 -1157 2575 -3087
194 -3936 -1004 2241 -2700
195 -3353 -850 1902 -2301
196 -2756 -695 1559 -1892
197 -2148 -540 1212 -1476
198 -1532 -384 863 -1053
199 -910 -227 512 -625
200 -284 -71 160 -195
201 341 85 -192 235
202 967 242 -544 664
203 1588 398 -895 1091
204 2204 554 -1244 1514
205 2811 709 -1590 1930
206 3406 864 -1933 2338
207 3989 1018 -2271 2735
208 4555 1171 -2605 3122
209 5104 1323 -2932 3494
210 5633 1473 -3254 3852
211 6139 1622 -3568 4194
212 6622 1770 -3874 4518
213 7078 1915 -4171 4822
214 7507 2059 -4460 5106
215 7906 2201 -4738 5369
216 8274 2341 -5006 5608
217 8609 2478 -5263 5824
218 8911 2613 -5508 6016
219 9178 2745 -5741 6182
220 9409 2875 -5962 6321
221 9602 3001 -6169 6435
222 9758 3125 -6363 6521
223 9876 3246 -6542 6580
224 9955 3364 -6707 6611
225 9994 3478 -6858 6615
226 9995 3589 -6993 6591
227 9956 3696 -7112 6540
228 9878 3800 -7216 6462
229 9761 3900 -7304 6357
230 9606 3996 -7376 6226
231 9413 4088 -7432 6070
232 9184 4176 -7471 5889
233 8918 4260 -7493 5685
234 8617 4340 -7499 5458
235 8282 4416 -7489 5209
236 7915 4487 -7462 4940
237 7516 4554 -7418 4652
238 7088 4617 -7358 4347
239 6632 4674 -7282 4025
240 6151 4728 -7190 3689
241 5644 4776 -7081 3340
242 5116 4820 -6957 2979
243 4568 4859 -6818 2609
244 4002 4894 -6664 2232
245 3420 4924 -6495 1849
246 2824 4948 -6311 1461
247 2218 4968 -6114 1072
248 1603 4983 -5903 683
249 981 4993 -5679 295
250 356 4999 -5443 -87
251 -270 4999 -5194 -465
252 -896 4994 -4934 -835
253 -1518 4985 -4663 -1196
254 -2134 4971 -4382 -1546
255 -2742 4951 -4091 -1882
256 -3339 4927 -3791 -2203
257 -3923 4898 -3483 -2508
258 -4492 4864 -3167 -2794
259 -5043 4826 -2844 -3060
260 -5574 4783 -2514 -3305
261 -6083 4735 -2180 -3528
262 -6568 4682 -1840 -3726
263 -7028 4625 -1496 -3899
264 -7459 4563 -1149 -4046
265 -7862 4497 -799 -4165
266 -8234 4426 -448 -4256
267 -8573 4351 -96 -4318
268 -8879 4272 256 -4350
269 -9149 4188 608 -4352
270 -9384 4100 959 -4324
271 -9582 4009 1307 -4265
272 -9742 3913 1653 -4176
273 -9864 3814 1995 -4055
274 -9948 3710 2332 -3904
275 -9992 3604 2665 -3722
276 -9997 3493 2991 -3511
277 -9962 3379 3311 -3271
278 -9889 3262 3624 -3002
279 -9777 3142 3928 -2705
280 -9626 3019 4224 -2382
281 -9437 2892 4511 -2033
282 -9212 2763 4788 -1660
283 -8950 2631 5054 -1264
284 -8653 2496 5308 -847
285 -8322 2359 5552 -410
286 -7958 2220 5782 45
287 -7563 2079 6000 516
288 -7138 1935 6205 1002
289 -6686 1790 6396 1501
290 -6207 1642 6573 2009
291 -5703 1494 6736 2526
292 -5177 1343 6883 3049
293 -4631 1192 7016 3576
294 -4067 1039 7132 4105
295 -3487 885 7233 4632
296 -2893 731 7319 5157
297 -2287 575 7387 5675
298 -1673 419 7440 6186
299 -1052 263 7476 6687
300 -427 106 7496 7175
301 199 -49 7499 7648
302 825 -206 7485 8104
303 1448 -362 7455 8540
304 2065 -519 7408 8954
305 2674 -674 7345 9345
306 3272 -829 7266 9709
307 3858 -983 7171 10045
308 4428 -1136 7060 10351
309 4981 -1288 6933 10626
310 5514 -1439 6791 10866
311 6026 -1589 6634 11072
312 6514 -1736 6462 11240
313 6977 -1882 6276 11371
314 7412 -2027 6077 11462
315 7818 -2169 5863 11512
316 8193 -2309 5637 11521
317 8536 -2447 5398 11488
318 8846 -2582 5148 11411
319 9120 -2715 4886 11291
320 9359 -2845 4613 11127
321 9561 -2973 4330 10918
322 9726 -3097 4037 10666
323 9852 -3219 3736 10369
324 9940 -3337 3426 10029
325 9989 -3452 3109 9645
326 9998 -3564 2784 9219
327 9968 -3672 2454 8750
328 9899 -3777 2118 8241
329 9791 -3877 1778 7691
330 9645 -3974 1433 7104
331 9460 -4067 1086 6479
332 9239 -4157 736 5818
333 8981 -4242 384 5124
334 8688 -4322 32 4397
335 8361 -4399 -320 3641
336 8001 -4471 -672 2857
337 7609 -4539 -1022 2047
338 7188 -4603 -1370 1214
339 6738 -4662 -1715 360
340 6262 -4716 -2056 -510
341 5762 -4766 -2393 -1397
342 5238 -4811 -2725 -2297
343 4694 -4851 -3050 -3207
344 4132 -4887 -3369 -4123
345 3553 -4917 -3680 -5044
346 2961 -4943 -3983 -5965
347 2357 -4964 -4277 -6885
348 1743 -4980 -4562 -7799
349 1123 -4992 -4837 -8706
350 498 -4998 -5101 -9601
351 -128 -4999 -5354 -10482
352 -754 -4996 -5594 -11345
353 -1377 -4988 -5823 -12189
354 -1995 -4974 -6039 -13009
355 -2605 -4956 -6241 -13803
356 -3205 -4933 -6430 -14568
357 -3792 -4905 -6604 -15302
358 -4364 -4873 -6764 -16001
359 -4919 -4835 -6908 -16664
360 -5455 -4793 -7038 -17287
361 -5969 -4746 -7152 -17868
362 -6460 -4694 -7250 -18405
363 -6926 -4638 -7332 -18897
364 -7364 -4577 -7398 -19340
365 -7773 -4512 -7448 -19734
366 -8152 -4442 -7481 -20076
367 -8499 -4368 -7497 -20365
368 -8812 -4290 -7497 -20601
369 -9091 -4207 -7481 -20780
370 -9334 -4121 -7448 -20903
371 -9540 -4030 -7398 -20969
372 -9709 -3935 -7332 -20978
373 -9840 -3837 -7250 -20928
374 -9932 -3734 -7152 -20819
375 -9985 -3628 -7038 -20652
376 -9999 -3519 -6909 -20427
377 -9974 -3406 -6764 -20144
378 -9909 -3289 -6604 -19803
379 -9805 -3170 -6430 -19406
380 -9663 -3047 -6241 -18952
381 -9483 -2921 -6039 -18444
382 -9266 -2793 -5823 -17883
383 -9012 -2661 -5595 -17269
384 -8723 -2527 -5354 -16605
385 -8400 -2391 -5101 -15892
386 -8043 -2252 -4837 -15133
387 -7655 -2111 -4562 -14329
388 -7237 -1968 -4277 -13483
389 -6791 -1823 -3983 -12598
390 -6318 -1676 -3680 -11675
391 -5820 -1528 -3369 -10717
392 -5299 -1378 -3050 -9727
393 -4757 -1226 -2725 -8709
394 -4197 -1074 -2393 -7665
395 -3620 -920 -2057 -6598
396 -3029 -766 -1715 -5511
397 -2426 -611 -1370 -4408
398 -1813 -455 -1022 -3291
399 -1193 -299 -672 -2165
400 -569 -142 -320 -1032
401 56 14 32 103
402 683 170 384 1238
403 1306 327 736 2370
404 1925 483 1086 3495
405 2536 639 1433 4609
406 3137 794 1778 5710
407 3726 948 2118 6793
408 4300 1102 2454 7856
409 4857 1254 2784 8896
410 5395 1405 3108 9909
411 5912 1555 3426 10893
412 6405 1703 3736 11845
413 6874 1849 4037 12761
414 7315 1994 4330 13640
415 7728 2137 4613 14479
416 8111 2277 4886 15274
417 8461 2416 5148 16025
418 8778 2552 5398 16729
419 9061 2685 5637 17384
420 9308 2816 5863 17989
421 9519 2944 6077 18541
422 9692 3069 6276 19039
423 9827 3192 6462 19482
424 9924 3311 6634 19869
425 9981 3426 6791 20200
426 9999 3539 6933 20472
427 9978 3648 7060 20687
428 9918 3753 7171 20843
429 9819 3855 7266 20941
430 9681 3953 7345 20981
431 9506 4047 7408 20962
432 9293 4137 7455 20885
433 9043 4223 7485 20752
434 8758 4304 7499 20562
435 8438 4382 7496 20317
436 8086 4455 7476 20018
437 7701 4524 7440 19666
438 7286 4589 7387 19263
439 6843 4649 7319 18811
440 6373 4704 7233 18311
