0 0
0.00123457 -349.708
0.00246914 -655.254
0.0037037 -878.052
0.00493827 -989.969
0.00617284 -976.87
0.00740741 -840.408
0.00864198 -597.817
0.00987654 -279.732
0.0111111 73.6781
0.0123457 417.784
0.0135802 709.131
0.0148148 910.927
0.0160494 997.688
0.017284 958.459
0.0185185 798.196
0.0197531 537.137
0.0209877 208.248
0.0222222 -146.938
0.0234568 -483.569
0.0246914 -759.135
0.0259259 -938.838
0.0271605 -999.984
0.0283951 -934.852
0.0296296 -751.667
0.0308642 -473.562
0.0320988 -135.655
0.0333333 219.382
0.0345679 546.716
0.0358025 805.01
0.037037 961.648
0.0382716 996.849
0.0395062 906.168
0.0407408 701.056
0.0419753 407.414
0.0432099 62.3249
0.0444445 -290.635
0.045679 -606.894
0.0469136 -846.514
0.0481482 -979.236
0.0493827 -988.3
0.0506173 -872.562
0.0518519 -646.637
0.0530864 -339.055
0.054321 11.3436
0.0555556 360.309
0.0567901 663.775
0.0580247 883.42
0.0592593 991.506
0.0604939 974.385
0.0617284 834.219
0.062963 588.693
0.0641976 268.836
0.0654321 -84.9684
0.0666667 -428.043
0.0679013 -717.065
0.0691358 -915.536
0.0703704 -998.393
0.071605 -955.173
0.0728395 -791.334
0.0740741 -527.565
0.0753087 -197.175
0.0765432 158.114
0.0777778 493.436
0.0790124 766.447
0.0802469 942.672
0.0814815 999.855
0.0827161 930.777
0.0839507 744.161
0.0851852 463.572
0.0864198 124.443
0.0876544 -230.401
0.0888889 -556.149
0.0901235 -811.667
0.0913581 -964.688
0.0925926 -995.888
0.0938272 -901.327
0.0950618 -692.947
0.0962963 -397.062
0.0975309 -51.0351
0.0987655 301.436
