0 0 0 0 0
1 626 156 352 1135
2 1250 313 704 2267
3 1869 469 1054 3393
4 2481 625 1402 4508
5 3083 780 1746 5610
6 3673 934 2087 6695
7 4248 1088 2424 7761
8 4807 1240 2754 8803
9 5347 1391 3079 9819
10 5866 1541 3397 10805
11 6362 1690 3708 11760
12 6832 1836 4010 12680
13 7276 1981 4304 13562
14 7692 2124 4587 14404
15 8077 2265 4861 15204
16 8431 2403 5124 15959
17 8751 2539 5376 16667
18 9037 2673 5616 17327
19 9287 2804 5843 17936
20 9501 2933 6058 18493
21 9678 3058 6259 18996
22 9816 3181 6446 19444
23 9916 3300 6619 19836
24 9978 3416 6777 20172
25 9999 3529 6921 20450
26 9982 3638 7049 20670
27 9925 3744 7162 20832
28 9830 3846 7258 20935
29 9696 3944 7339 20979
30 9523 4038 7403 20966
31 9313 4129 7451 20895
32 9067 4215 7483 20766
33 8785 4297 7498 20581
34 8469 4375 7497 20341
35 8119 4449 7479 20047
36 7737 4518 7444 19700
37 7325 4583 7393 19302
38 6884 4643 7325 18854
39 6416 4699 7242 18359
40 5923 4750 7142 17817
41 5407 4797 7027 17232
42 4869 4839 6896 16605
43 4313 4876 6750 15939
44 3739 4908 6589 15237
45 3151 4935 6413 14500
46 2550 4958 6223 13732
47 1939 4976 6020 12935
48 1321 4989 5803 12113
49 697 4996 5573 11268
50 71 4999 5331 10402
51 -555 4998 5077 9520
52 -1179 4991 4812 8624
53 -1799 4979 4537 7717
54 -2412 4962 4251 6802
55 -3015 4941 3956 5882
56 -3606 4915 3652 4960
57 -4184 4883 3340 4040
58 -4744 4848 3021 3124
59 -5287 4807 2695 2215
60 -5808 4761 2363 1316
61 -6307 4711 2026 430
62 -6780 4656 1684 -439
63 -7227 4597 1339 -1291
64 -7646 4533 990 -2122
65 -8035 4465 640 -2929
66 -8392 4392 288 -3711
67 -8716 4315 -64 -4464
68 -9006 4234 -416 -5188
69 -9261 4149 -768 -5879
70 -9479 4059 -1117 -6537
71 -9660 3966 -1465 -7159
72 -9803 3868 -1809 -7743
73 -9907 3767 -2149 -8289
74 -9973 3662 -2484 -8794
75 -9999 3554 -2814 -9259
76 -9986 3442 -3138 -9682
77 -9934 3327 -3454 -10062
78 -9843 3208 -3763 -10398
79 -9713 3086 -4064 -10691
80 -9545 2961 -4356 -10939
81 -9339 2834 -4638 -11143
82 -9097 2703 -4910 -11303
83 -8819 2570 -5171 -11420
84 -8506 2434 -5420 -11492
85 -8160 2296 -5658 -11522
86 -7782 2156 -5883 -11509
87 -7373 2014 -6095 -11455
88 -6936 1869 -6294 -11360
89 -6471 1723 -6479 -11227
90 -5981 1575 -6649 -11055
91 -5467 1426 -6805 -10846
92 -4931 1275 -6945 -10602
93 -4377 1123 -7071 -10325
94 -3805 969 -7180 -10016
95 -3218 815 -7274 -9677
96 -2619 660 -7352 -9310
97 -2009 504 -7413 -8918
98 -1391 348 -7458 -8501
99 -768 192 -7487 -8063
100 -142 35 -7499 -7606
101 484 -121 -7495 -7131
102 1109 -277 -7473 -6642
103 1729 -434 -7436 -6140
104 2343 -589 -7382 -5629
105 2947 -745 -7311 -5109
106 3540 -899 -7225 -4584
107 4119 -1053 -7122 -4057
108 4682 -1206 -7004 -3528
109 5226 -1357 -6871 -3002
110 5750 -1507 -6722 -2479
111 6251 -1656 -6558 -1963
112 6728 -1803 -6380 -1455
113 7178 -1948 -6187 -957
114 7600 -2092 -5981 -473
115 7992 -2233 -5762 -3
116 8353 -2372 -5530 450
117 8681 -2509 -5286 886
118 8975 -2643 -5030 1301
119 9234 -2775 -4763 1695
120 9456 -2904 -4485 2066
121 9641 -3030 -4198 2412
122 9788 -3153 -3901 2733
123 9897 -3273 -3596 3027
124 9967 -3390 -3282 3294
125 9998 -3503 -2962 3532
126 9989 -3613 -2635 3740
127 9942 -3720 -2302 3919
128 9855 -3823 -1964 4067
129 9729 -3922 -1622 4185
130 9566 -4017 -1276 4272
131 9364 -4108 -927 4328
132 9126 -4196 -576 4354
133 8852 -4279 -224 4349
134 8544 -4358 128 4313
135 8201 -4432 480 4249
136 7827 -4503 831 4155
137 7421 -4569 1181 4033
138 6987 -4630 1527 3884
139 6525 -4687 1871 3709
140 6038 -4739 2210 3509
141 5526 -4787 2545 3284
142 4993 -4830 2873 3037
143 4441 -4868 3196 2769
144 3871 -4901 3511 2481
145 3285 -4930 3819 2175
146 2687 -4953 4118 1852
147 2079 -4972 4408 1514
148 1462 -4986 4688 1164
149 839 -4995 4958 802
150 213 -4999 5217 431
151 -413 -4998 5465 53
152 -1038 -4993 5700 -330
153 -1659 -4982 5923 -718
154 -2273 -4967 6132 -1108
155 -2879 -4946 6329 -1497
156 -3473 -4921 6511 -1884
157 -4054 -4891 6678 -2266
158 -4619 -4856 6831 -2643
159 -5165 -4816 6969 -3012
160 -5691 -4772 7092 -3372
161 -6195 -4723 7199 -3720
162 -6675 -4669 7289 -4055
163 -7128 -4611 7364 -4375
164 -7554 -4548 7423 -4679
165 -7949 -4481 7465 -4965
166 -8314 -4409 7490 -5232
167 -8645 -4333 7499 -5479
168 -8943 -4253 7492 -5704
169 -9206 -4168 7468 -5907
170 -9432 -4080 7427 -6085
171 -9622 -3987 7370 -6239
172 -9774 -3891 7297 -6367
173 -9887 -3791 7207 -6470
174 -9961 -3686 7102 -6546
175 -9996 -3579 6981 -6594
176 -9992 -3468 6845 -6615
177 -9949 -3353 6693 -6609
178 -9867 -3235 6527 -6575
179 -9746 -3114 6346 -6514
180 -9586 -2990 6151 -6425
181 -9389 -2863 5942 -6310
182 -9155 -2733 5721 -6168
183 -8885 -2601 5486 -5999
184 -8580 -2465 5240 -5806
185 -8242 -2328 4982 -5588
186 -7871 -2188 4713 -5346
187 -7469 -2046 4434 -5081
188 -7038 -1902 4145 -4795
189 -6579 -1756 3846 -4489
190 -6094 -1609 3539 -4164
191 -5586 -1460 3225 -3820
192 -5055 -1309 2903 -3461
193 -4504 -1157 2575 -3087
194 -3936 -1004 2241 -2700
195 -3353 -850 1902 -2301
196 -2756 -695 1559 -1892
197 -2148 -540 1212 -1476
198 -1532 -384 863 -1053
199 -910 -227 512 -625
200 -284 -71 160 -195
201 341 85 -192 235
202 967 242 -544 664
203 1588 398 -895 1091
204 2204 554 -1244 1514
205 2811 709 -1590 1930
206 3406 864 -1933 2338
207 3989 1018 -2271 2735
208 4555 1171 -2605 3122
209 5104 1323 -2932 3494
210 5633 1473 -3254 3852
211 6139 1622 -3568 4194
212 6622 1770 -3874 4518
213 7078 1915 -4171 4822
214 7507 2059 -4460 5106
215 7906 2201 -4738 5369
216 8274 2341 -5006 5608
217 8609 2478 -5263 5824
218 8911 2613 -5508 6016
219 9178 2745 -5741 6182
220 9409 2875 -5962 6321
221 9602 3001 -6169 6435
222 9758 3125 -6363 6521
223 9876 3246 -6542 6580
224 9955 3364 -6707 6611
225 9994 3478 -6858 6615
226 9995 3589 -6993 6591
227 9956 3696 -7112 6540
228 9878 3800 -7216 6462
229 9761 3900 -7304 6357
230 9606 3996 -7376 6226
231 9413 4088 -7432 6070
232 9184 4176 -7471 5889
233 8918 4260 -7493 5685
234 8617 4340 -7499 5458
235 8282 4416 -7489 5209
236 7915 4487 -7462 4940
237 7516 4554 -7418 4652
238 7088 4617 -7358 4347
239 6632 4674 -7282 4025
240 6151 4728 -7190 3689
241 5644 4776 -7081 3340
242 5116 4820 -6957 2979
243 4568 4859 -6818 2609
244 4002 4894 -6664 2232
245 3420 4924 -6495 1849
246 2824 4948 -6311 1461
247 2218 4968 -6114 1072
248 1603 4983 -5903 683
249 981 4993 -5679 295
250 356 4999 -5443 -87
251 -270 4999 -5194 -465
252 -896 4994 -4934 -835
253 -1518 4985 -4663 -1196
254 -2134 4971 -4382 -1546
255 -2742 4951 -4091 -1882
256 -3339 4927 -3791 -2203
257 -3923 4898 -3483 -2508
258 -4492 4864 -3167 -2794
259 -5043 4826 -2844 -3060
260 -5574 4783 -2514 -3305
261 -6083 4735 -2180 -3528
262 -6568 4682 -1840 -3726
263 -7028 4625 -1496 -3899
264 -7459 4563 -1149 -4046
265 -7862 4497 -799 -4165
266 -8234 4426 -448 -4256
267 -8573 4351 -96 -4318
268 -8879 4272 256 -4350
269 -9149 4188 608 -4352
270 -9384 4100 959 -4324
271 -9582 4009 1307 -4265
272 -9742 3913 1653 -4176
273 -9864 3814 1995 -4055
274 -9948 3710 2332 -3904
275 -9992 3604 2665 -3722
276 -9997 3493 2991 -3511
277 -9962 3379 3311 -3271
278 -9889 3262 3624 -3002
279 -9777 3142 3928 -2705
280 -9626 3019 4224 -2382
281 -9437 2892 4511 -2033
282 -9212 2763 4788 -1660
283 -8950 2631 5054 -1264
284 -8653 2496 5308 -847
285 -8322 2359 5552 -410
286 -7958 2220 5782 45
287 -7563 2079 6000 516
288 -7138 1935 6205 1002
289 -6686 1790 6396 1501
290 -6207 1642 6573 2009
291 -5703 1494 6736 2526
292 -5177 1343 6883 3049
293 -4631 1192 7016 3576
294 -4067 1039 7132 4105
295 -3487 885 7233 4632
296 -2893 731 7319 5157
297 -2287 575 7387 5675
298 -1673 419 7440 6186
299 -1052 263 7476 6687
300 -427 106 7496 7175
301 199 -49 7499 7648
302 825 -206 7485 8104
303 1448 -362 7455 8540
304 2065 -519 7408 8954
305 2674 -674 7345 9345
306 3272 -829 7266 9709
307 3858 -983 7171 10045
308 4428 -1136 7060 10351
309 4981 -1288 6933 10626
310 5514 -1439 6791 10866
311 6026 -1589 6634 11072
312 6514 -1736 6462 11240
313 6977 -1882 6276 11371
314 7412 -2027 6077 11462
315 7818 -2169 5863 11512
316 8193 -2309 5637 11521
317 8536 -2447 5398 11488
318 8846 -2582 5148 11411
319 9120 -2715 4886 11291
320 9359 -2845 4613 11127
321 9561 -2973 4330 10918
322 9726 -3097 4037 10666
323 9852 -3219 3736 10369
324 9940 -3337 3426 10029
325 9989 -3452 3109 9645
326 9998 -3564 2784 9219
327 9968 -3672 2454 8750
328 9899 -3777 2118 8241
329 9791 -3877 1778 7691
330 9645 -3974 1433 7104
331 9460 -4067 1086 6479
332 9239 -4157 736 5818
333 8981 -4242 384 5124
334 8688 -4322 32 4397
335 8361 -4399 -320 3641
336 8001 -4471 -672 2857
337 7609 -4539 -1022 2047
338 7188 -4603 -1370 1214
339 6738 -4662 -1715 360
340 6262 -4716 -2056 -510
341 5762 -4766 -2393 -1397
342 5238 -4811 -2725 -2297
343 4694 -4851 -3050 -3207
344 4132 -4887 -3369 -4123
345 3553 -4917 -3680 -5044
346 2961 -4943 -3983 -5965
347 2357 -4964 -4277 -6885
348 1743 -4980 -4562 -7799
349 1123 -4992 -4837 -8706
350 498 -4998 -5101 -9601
351 -128 -4999 -5354 -10482
352 -754 -4996 -5594 -11345
353 -1377 -4988 -5823 -12189
354 -1995 -4974 -6039 -13009
355 -2605 -4956 -6241 -13803
356 -3205 -4933 -6430 -14568
357 -3792 -4905 -6604 -15302
358 -4364 -4873 -6764 -16001
359 -4919 -4835 -6908 -16664
360 -5455 -4793 -7038 -17287
361 -5969 -4746 -7152 -17868
362 -6460 -4694 -7250 -18405
363 -6926 -4638 -7332 -18897
364 -7364 -4577 -7398 -19340
365 -7773 -4512 -7448 -19734
366 -8152 -4442 -7481 -20076
367 -8499 -4368 -7497 -20365
368 -8812 -4290 -7497 -20601
369 -9091 -4207 -7481 -20780
370 -9334 -4121 -7448 -20903
371 -9540 -4030 -7398 -20969
372 -9709 -3935 -7332 -20978
373 -9840 -3837 -7250 -20928
374 -9932 -3734 -7152 -20819
375 -9985 -3628 -7038 -20652
376 -9999 -3519 -6909 -20427
377 -9974 -3406 -6764 -20144
378 -9909 -3289 -6604 -19803
379 -9805 -3170 -6430 -19406
380 -9663 -3047 -6241 -18952
381 -9483 -2921 -6039 -18444
382 -9266 -2793 -5823 -17883
383 -9012 -2661 -5595 -17269
384 -8723 -2527 -5354 -16605
385 -8400 -2391 -5101 -15892
386 -8043 -2252 -4837 -15133
387 -7655 -2111 -4562 -14329
388 -7237 -1968 -4277 -13483
389 -6791 -1823 -3983 -12598
390 -6318 -1676 -3680 -11675
391 -5820 -1528 -3369 -10717
392 -5299 -1378 -3050 -9727
393 -4757 -1226 -2725 -8709
394 -4197 -1074 -2393 -7665
395 -3620 -920 -2057 -6598
396 -3029 -766 -1715 -5511
397 -2426 -611 -1370 -4408
398 -1813 -455 -1022 -3291
399 -1193 -299 -672 -2165
400 -569 -142 -320 -1032
401 56 14 32 103
402 683 170 384 1238
403 1306 327 736 2370
404 1925 483 1086 3495
405 2536 639 1433 4609
406 3137 794 1778 5710
407 3726 948 2118 6793
408 4300 1102 2454 7856
409 4857 1254 2784 8896
410 5395 1405 3108 9909
411 5912 1555 3426 10893
412 6405 1703 3736 11845
413 6874 1849 4037 12761
414 7315 1994 4330 13640
415 7728 2137 4613 14479
416 8111 2277 4886 15274
417 8461 2416 5148 16025
418 8778 2552 5398 16729
419 9061 2685 5637 17384
420 9308 2816 5863 17989
421 9519 2944 6077 18541
422 9692 3069 6276 19039
423 9827 3192 6462 19482
424 9924 3311 6634 19869
425 9981 3426 6791 20200
426 9999 3539 6933 20472
427 9978 3648 7060 20687
428 9918 3753 7171 20843
429 9819 3855 7266 20941
430 9681 3953 7345 20981
431 9506 4047 7408 20962
432 9293 4137 7455 20885
433 9043 4223 7485 20752
434 8758 4304 7499 20562
435 8438 4382 7496 20317
436 8086 4455 7476 20018
437 7701 4524 7440 19666
438 7286 4589 7387 19263
439 6843 4649 7319 18811
440 6373 4704 7233 18311
441 5877 4755 7132 17766
442 5359 4801 7016 17177
443 4820 4842 6883 16546
444 4261 4879 6736 15877
445 3686 4911 6573 15171
446 3097 4938 6396 14432
447 2495 4960 6205 13661
448 1883 4977 6001 12862
449 1264 4989 5782 12037
450 640 4997 5552 11190
451 14 4999 5308 10323
452 -612 4997 5054 9439
453 -1236 4990 4788 8542
454 -1855 4978 4511 7634
455 -2467 4961 4224 6718
456 -3069 4939 3929 5798
457 -3659 4912 3624 4876
458 -4235 4880 3311 3956
459 -4794 4844 2991 3041
460 -5335 4803 2665 2133
461 -5854 4757 2332 1235
462 -6351 4706 1995 351
463 -6822 4651 1653 -517
464 -7267 4592 1307 -1367
465 -7683 4527 959 -2196
466 -8069 4459 608 -3001
467 -8423 4385 256 -3780
468 -8744 4308 -96 -4531
469 -9031 4226 -448 -5252
470 -9282 4141 -799 -5941
471 -9497 4051 -1149 -6595
472 -9674 3957 -1496 -7213
473 -9814 3859 -1840 -7794
474 -9915 3758 -2179 -8336
475 -9977 3653 -2514 -8838
476 -9999 3544 -2844 -9299
477 -9983 3432 -3167 -9718
478 -9927 3316 -3483 -10094
479 -9832 3197 -3791 -10426
480 -9699 3075 -4091 -10715
481 -9528 2950 -4382 -10959
482 -9319 2822 -4663 -11160
483 -9073 2691 -4934 -11316
484 -8792 2558 -5194 -11428
485 -8476 2422 -5443 -11497
486 -8127 2284 -5679 -11523
487 -7746 2143 -5903 -11506
488 -7335 2001 -6114 -11448
489 -6895 1856 -6311 -11350
490 -6427 1710 -6495 -11212
491 -5935 1562 -6664 -11037
492 -5419 1412 -6818 -10825
493 -4882 1261 -6957 -10578
494 -4326 1109 -7081 -10298
495 -3752 955 -7189 -9986
496 -3164 801 -7282 -9645
497 -2564 646 -7358 -9276
498 -1953 490 -7418 -8881
499 -1335 334 -7462 -8462
500 -711 178 -7489 -8023
501 -85 21 -7499 -7564
502 541 -135 -7493 -7088
503 1165 -291 -7471 -6597
504 1785 -448 -7432 -6094
505 2398 -604 -7376 -5582
506 3001 -759 -7304 -5062
507 3593 -913 -7216 -4536
508 4171 -1067 -7112 -4009
509 4732 -1219 -6993 -3480
510 5274 -1371 -6858 -2954
511 5796 -1521 -6707 -2432
512 6295 -1669 -6542 -1916
513 6770 -1816 -6363 -1409
514 7218 -1961 -6169 -913
515 7637 -2105 -5962 -429
516 8026 -2246 -5741 38
517 8384 -2384 -5508 490
518 8709 -2521 -5263 924
519 9000 -2655 -5006 1338
520 9255 -2787 -4738 1730
521 9474 -2915 -4460 2098
522 9656 -3041 -4171 2442
523 9800 -3164 -3874 2761
524 9905 -3284 -3568 3053
525 9972 -3400 -3254 3317
526 9999 -3514 -2932 3552
527 9987 -3623 -2605 3758
528 9935 -3729 -2271 3934
529 9845 -3832 -1933 4079
530 9716 -3931 -1590 4194
531 9549 -4026 -1244 4278
532 9344 -4117 -895 4332
533 9103 -4203 -544 4354
534 8826 -4286 -192 4347
535 8514 -4365 160 4309
536 8169 -4439 512 4241
537 7791 -4509 863 4145
538 7383 -4574 1212 4021
539 6946 -4635 1559 3870
540 6482 -4692 1902 3692
541 5992 -4744 2241 3489
542 5479 -4791 2575 3263
543 4944 -4833 2903 3014
544 4390 -4871 3225 2743
545 3818 -4904 3539 2454
546 3232 -4932 3846 2146
547 2632 -4955 4145 1822
548 2023 -4974 4434 1483
549 1405 -4987 4713 1131
550 782 -4996 4982 769
551 156 -4999 5240 397
552 -469 -4998 5486 18
553 -1094 -4992 5721 -366
554 -1715 -4981 5942 -753
555 -2329 -4965 6151 -1143
556 -2933 -4944 6346 -1532
557 -3527 -4919 6526 -1919
558 -4106 -4888 6693 -2301
559 -4669 -4853 6845 -2677
560 -5214 -4813 6981 -3045
561 -5738 -4768 7102 -3404
562 -6240 -4718 7207 -3751
563 -6717 -4664 7297 -4084
564 -7168 -4606 7370 -4403
565 -7591 -4542 7427 -4706
566 -7984 -4475 7468 -4990
567 -8345 -4402 7492 -5256
568 -8674 -4326 7499 -5501
569 -8969 -4245 7490 -5724
570 -9228 -4161 7465 -5924
571 -9451 -4072 7423 -6100
572 -9637 -3979 7364 -6252
573 -9785 -3882 7289 -6378
574 -9895 -3781 7199 -6478
575 -9966 -3677 7092 -6551
576 -9998 -3569 6969 -6597
577 -9990 -3457 6831 -6616
578 -9943 -3343 6678 -6607
579 -9857 -3224 6511 -6571
580 -9733 -3103 6329 -6507
581 -9570 -2979 6132 -6416
582 -9369 -2851 5923 -6298
583 -9132 -2721 5700 -6153
584 -8859 -2588 5465 -5983
585 -8551 -2453 5217 -5787
586 -8209 -2315 4958 -5567
587 -7836 -2175 4688 -5323
588 -7431 -2033 4408 -5056
589 -6997 -1889 4118 -4768
590 -6536 -1743 3819 -4460
591 -6049 -1595 3511 -4133
592 -5538 -1446 3196 -3788
593 -5006 -1295 2873 -3428
594 -4454 -1143 2545 -3052
595 -3884 -990 2210 -2664
596 -3299 -836 1871 -2264
597 -2701 -681 1528 -1855
598 -2093 -526 1181 -1438
599 -1476 -370 831 -1014
600 -853 -213 480 -586
601 -228 -57 128 -156
602 398 99 -224 274
603 1023 256 -576 703
604 1645 412 -927 1130
605 2259 568 -1275 1552
606 2865 724 -1621 1967
607 3460 878 -1964 2374
608 4041 1032 -2302 2771
609 4606 1185 -2635 3156
610 5153 1337 -2962 3528
611 5680 1487 -3282 3884
612 6184 1636 -3596 4224
613 6664 1783 -3901 4546
614 7118 1929 -4198 4849
615 7544 2072 -4485 5131
616 7941 2214 -4763 5391
617 8306 2353 -5030 5629
618 8638 2490 -5286 5843
619 8937 2625 -5530 6032
620 9200 2757 -5762 6195
621 9428 2886 -5981 6333
622 9618 3013 -6187 6444
623 9770 3136 -6380 6527
624 9885 3257 -6558 6584
625 9960 3374 -6722 6612
626 9996 3488 -6870 6614
627 9993 3599 -7004 6587
628 9951 3706 -7122 6534
629 9869 3809 -7225 6453
630 9749 3909 -7311 6346
631 9590 4004 -7382 6213
632 9394 4096 -7436 6054
633 9161 4184 -7473 5872
634 8892 4268 -7495 5665
635 8588 4347 -7499 5436
636 8250 4423 -7487 5185
637 7880 4493 -7458 4915
638 7478 4560 -7413 4625
639 7048 4622 -7352 4318
640 6590 4679 -7274 3995
641 6106 4732 -7180 3657
642 5597 4780 -7071 3307
643 5067 4824 -6945 2946
644 4517 4863 -6805 2575
645 3949 4897 -6649 2197
646 3366 4926 -6479 1814
647 2770 4950 -6294 1426
648 2162 4970 -6095 1037
649 1546 4984 -5883 648
650 924 4994 -5658 260
651 299 4999 -5420 -122
652 -327 4999 -5171 -499
653 -953 4994 -4910 -869
654 -1574 4984 -4638 -1228
655 -2190 4969 -4356 -1577
656 -2797 4949 -4064 -1912
657 -3393 4925 -3763 -2231
658 -3975 4895 -3454 -2534
659 -4542 4861 -3138 -2819
660 -5092 4822 -2814 -3084
661 -5621 4778 -2484 -3327
662 -6128 4730 -2149 -3547
663 -6611 4677 -1809 -3743
664 -7068 4619 -1465 -3913
665 -7497 4557 -1117 -4058
666 -7897 4490 -768 -4174
667 -8266 4419 -416 -4263
668 -8602 4344 -64 -4322
669 -8905 4264 288 -4352
670 -9172 4180 640 -4351
671 -9404 4092 990 -4320
672 -9598 4000 1339 -4258
673 -9755 3904 1684 -4166
674 -9874 3804 2026 -4043
675 -9953 3701 2363 -3889
676 -9994 3594 2695 -3704
677 -9995 3483 3021 -3491
678 -9957 3369 3340 -3247
679 -9880 3251 3652 -2976
680 -9764 3131 3956 -2677
681 -9610 3007 4251 -2351
682 -9418 2881 4537 -2000
683 -9189 2751 4812 -1625
684 -8924 2619 5077 -1227
685 -8624 2484 5331 -808
686 -8290 2347 5573 -369
687 -7923 2207 5803 87
688 -7526 2066 6020 560
689 -7098 1922 6223 1047
690 -6643 1776 6413 1546
691 -6162 1629 6589 2056
692 -5656 1480 6750 2574
693 -5129 1330 6896 3097
694 -4581 1178 7027 3624
695 -4015 1025 7142 4153
696 -3433 871 7242 4680
697 -2838 717 7325 5204
698 -2232 561 7393 5722
699 -1617 405 7444 6232
700 -995 249 7479 6732
701 -370 92 7497 7219
702 256 -64 7498 7690
703 882 -220 7483 8144
704 1504 -377 7451 8579
705 2120 -533 7403 8991
706 2728 -688 7339 9379
707 3326 -843 7258 9741
708 3910 -997 7162 10074
709 4479 -1150 7049 10378
710 5030 -1302 6921 10649
711 5562 -1453 6778 10886
712 6071 -1602 6619 11089
713 6557 -1750 6446 11254
714 7017 -1896 6259 11381
715 7450 -2040 6058 11468
716 7853 -2182 5843 11515
717 8226 -2322 5616 11520
718 8566 -2459 5376 11482
719 8872 -2594 5124 11402
720 9144 -2727 4861 11278
721 9379 -2857 4587 11110
722 9578 -2984 4304 10897
723 9739 -3109 4010 10641
724 9862 -3230 3708 10340
725 9946 -3348 3397 9996
726 9991 -3463 3079 9608
727 9997 -3574 2755 9178
728 9964 -3682 2424 8706
729 9891 -3786 2087 8192
730 9780 -3886 1746 7640
731 9630 -3983 1402 7048
732 9442 -4076 1054 6420
733 9217 -4164 704 5756
734 8956 -4249 352 5059
735 8660 -4330 0 4330
736 8330 -4406 -352 3571
737 7967 -4478 -704 2784
738 7572 -4545 -1054 1972
739 7148 -4608 -1402 1137
740 6696 -4667 -1746 282
741 6218 -4721 -2087 -590
742 5715 -4770 -2424 -1479
743 5190 -4815 -2754 -2379
744 4644 -4854 -3079 -3290
745 4080 -4889 -3397 -4207
746 3500 -4920 -3708 -5128
747 2906 -4945 -4010 -6049
748 2301 -4966 -4303 -6968
749 1687 -4982 -4587 -7882
750 1066 -4992 -4861 -8787
751 441 -4998 -5124 -9681
752 -185 -4999 -5376 -10561
753 -811 -4995 -5616 -11423
754 -1433 -4987 -5843 -12264
755 -2051 -4973 -6058 -13082
756 -2660 -4954 -6259 -13874
757 -3258 -4931 -6446 -14636
758 -3844 -4902 -6619 -15367
759 -4415 -4869 -6777 -16063
760 -4969 -4831 -6921 -16722
761 -5502 -4789 -7049 -17341
762 -6015 -4741 -7162 -17919
763 -6503 -4689 -7258 -18452
764 -6966 -4633 -7339 -18939
765 -7402 -4572 -7403 -19378
766 -7809 -4506 -7451 -19767
767 -8185 -4436 -7483 -20105
768 -8529 -4361 -7498 -20389
769 -8839 -4283 -7497 -20619
770 -9115 -4200 -7479 -20794
771 -9354 -4113 -7444 -20912
772 -9557 -4021 -7393 -20973
773 -9723 -3926 -7325 -20976
774 -9850 -3827 -7242 -20920
775 -9939 -3725 -7142 -20807
776 -9988 -3618 -7027 -20634
777 -9998 -3509 -6896 -20404
778 -9969 -3395 -6750 -20115
779 -9901 -3278 -6589 -19769
780 -9794 -3159 -6413 -19367
781 -9649 -3036 -6223 -18908
782 -9465 -2910 -6020 -18395
783 -9244 -2781 -5803 -17829
784 -8987 -2649 -5573 -17211
785 -8695 -2515 -5331 -16542
786 -8369 -2378 -5077 -15825
787 -8009 -2239 -4812 -15062
788 -7619 -2098 -4537 -14254
789 -7198 -1955 -4251 -13405
790 -6749 -1810 -3956 -12515
791 -6273 -1663 -3652 -11589
792 -5773 -1514 -3340 -10628
793 -5250 -1364 -3021 -9636
794 -4707 -1213 -2695 -8615
795 -4145 -1060 -2363 -7569
796 -3567 -906 -2026 -6500
797 -2974 -752 -1684 -5411
798 -2370 -596 -1339 -4307
799 -1757 -441 -990 -3189
800 -1137 -284 -640 -2062
801 -512 -128 -288 -929
802 113 28 64 206
803 740 185 416 1341
804 1363 341 767 2473
805 1981 497 1117 3596
806 2591 653 1465 4710
807 3191 808 1809 5809
808 3778 962 2149 6890
809 4351 1116 2484 7952
810 4907 1268 2814 8989
811 5443 1419 3138 10000
812 5958 1568 3454 10981
813 6449 1716 3763 11930
814 6915 1863 4064 12843
815 7354 2007 4356 13718
816 7764 2150 4638 14553
817 8144 2290 4910 15345
818 8491 2428 5171 16091
819 8805 2564 5420 16791
820 9085 2697 5658 17441
821 9329 2828 5883 18041
822 9536 2956 6095 18588
823 9706 3081 6294 19081
824 9838 3202 6479 19520
825 9930 3321 6649 19902
826 9984 3437 6805 20227
827 9999 3549 6945 20494
828 9975 3657 7071 20704
829 9911 3762 7180 20855
830 9808 3864 7274 20947
831 9667 3961 7352 20981
832 9488 4055 7413 20957
833 9271 4145 7458 20875
834 9018 4230 7487 20737
835 8730 4312 7499 20542
836 8408 4389 7495 20292
837 8052 4462 7473 19988
838 7665 4530 7436 19632
839 7247 4594 7382 19224
840 6801 4654 7311 18768
841 6329 4709 7225 18263
842 5831 4759 7122 17714
843 5311 4805 7004 17121
844 4770 4846 6871 16487
845 4210 4882 6722 15814
846 3633 4913 6558 15105
847 3042 4940 6380 14363
848 2440 4962 6187 13589
849 1827 4978 5981 12788
850 1208 4990 5762 11961
851 583 4997 5530 11112
852 -42 4999 5286 10243
853 -669 4997 5030 9358
854 -1292 4989 4763 8460
855 -1911 4976 4485 7551
856 -2522 4959 4198 6635
857 -3123 4937 3901 5714
858 -3712 4909 3596 4793
859 -4287 4877 3283 3873
860 -4844 4840 2962 2958
861 -5383 4799 2635 2051
862 -5900 4753 2302 1154
863 -6394 4702 1964 271
864 -6864 4646 1622 -595
865 -7306 4586 1276 -1443
866 -7719 4521 927 -2270
867 -8102 4452 576 -3073
868 -8453 4379 224 -3850
869 -8771 4301 -128 -4598
870 -9055 4219 -480 -5316
871 -9303 4133 -831 -6001
872 -9514 4043 -1181 -6653
873 -9688 3948 -1527 -7268
874 -9824 3850 -1871 -7845
875 -9922 3748 -2210 -8384
876 -9980 3643 -2544 -8882
877 -9999 3534 -2873 -9339
878 -9979 3421 -3196 -9754
879 -9920 3305 -3511 -10126
880 -9822 3186 -3819 -10454
881 -9685 3064 -4118 -10739
882 -9510 2938 -4408 -10979
883 -9298 2810 -4688 -11176
884 -9049 2679 -4958 -11328
885 -8765 2546 -5217 -11436
886 -8446 2410 -5465 -11501
887 -8094 2271 -5700 -11523
888 -7710 2130 -5923 -11502
889 -7296 1988 -6132 -11441
890 -6853 1843 -6328 -11339
891 -6384 1696 -6511 -11198
892 -5889 1548 -6678 -11019
893 -5371 1398 -6831 -10804
894 -4832 1247 -6969 -10554
895 -4274 1095 -7092 -10271
896 -3699 941 -7199 -9957
897 -3110 787 -7289 -9613
898 -2509 632 -7364 -9241
899 -1897 476 -7423 -8844
900 -1278 320 -7465 -8423
901 -655 163 -7490 -7982
902 -28 7 -7499 -7521
903 597 -149 -7492 -7044
904 1222 -306 -7468 -6552
905 1841 -462 -7427 -6048
906 2453 -618 -7370 -5535
907 3056 -773 -7297 -5014
908 3646 -927 -7208 -4489
909 4222 -1081 -7102 -3961
910 4782 -1233 -6981 -3432
911 5323 -1385 -6845 -2906
912 5843 -1534 -6693 -2385
913 6340 -1683 -6527 -1870
914 6812 -1829 -6346 -1364
915 7257 -1974 -6151 -868
916 7674 -2117 -5942 -386
917 8060 -2258 -5721 80
918 8415 -2397 -5487 531
919 8737 -2533 -5240 963
920 9025 -2667 -4982 1374
921 9277 -2798 -4713 1764
922 9492 -2927 -4434 2131
923 9671 -3052 -4145 2472
924 9811 -3175 -3846 2789
925 9913 -3295 -3539 3078
926 9976 -3411 -3225 3339
927 9999 -3524 -2903 3572
928 9984 -3633 -2575 3775
929 9929 -3739 -2241 3948
930 9835 -3841 -1902 4091
931 9702 -3940 -1559 4203
932 9532 -4034 -1212 4284
933 9324 -4125 -863 4335
934 9079 -4211 -512 4355
935 8799 -4294 -160 4344
936 8484 -4372 192 4304
937 8136 -4446 544 4234
938 7755 -4515 895 4135
939 7345 -4580 1244 4008
940 6905 -4641 1590 3854
941 6438 -4697 1933 3674
942 5946 -4748 2271 3470
943 5431 -4795 2605 3241
944 4894 -4837 2932 2990
945 4338 -4874 3254 2718
946 3765 -4907 3568 2426
947 3178 -4934 3874 2117
948 2577 -4957 4171 1792
949 1967 -4975 4460 1452
950 1349 -4988 4738 1099
951 726 -4996 5006 735
952 99 -4999 5263 363
953 -526 -4998 5508 -16
954 -1151 -4991 5741 -401
955 -1771 -4980 5962 -789
956 -2384 -4963 6169 -1178
957 -2988 -4942 6363 -1567
958 -3580 -4916 6542 -1953
959 -4158 -4885 6707 -2335
960 -4719 -4849 6858 -2711
961 -5262 -4809 6993 -3078
962 -5785 -4764 7112 -3436
963 -6284 -4714 7216 -3782
964 -6759 -4659 7304 -4114
965 -7208 -4600 7376 -4432
966 -7628 -4536 7432 -4732
967 -8018 -4468 7471 -5015
968 -8376 -4396 7493 -5279
969 -8702 -4319 7499 -5522
970 -8994 -4238 7489 -5743
971 -9250 -4153 7462 -5941
972 -9470 -4063 7418 -6115
973 -9652 -3970 7358 -6264
974 -9797 -3873 7282 -6388
975 -9903 -3772 7190 -6486
976 -9970 -3667 7081 -6556
977 -9999 -3559 6957 -6600
978 -9987 -3447 6818 -6616
979 -9937 -3332 6664 -6605
980 -9848 -3213 6495 -6566
981 -9719 -3092 6311 -6500
982 -9553 -2967 6114 -6406
983 -9349 -2840 5903 -6286
984 -9109 -2709 5679 -6139
985 -8832 -2576 5443 -5966
986 -8521 -2441 5194 -5768
987 -8177 -2303 4934 -5545
988 -7800 -2163 4663 -5299
989 -7393 -2020 4382 -5031
990 -6956 -1876 4091 -4741
991 -6493 -1730 3791 -4431
992 -6004 -1582 3483 -4103
993 -5491 -1432 3167 -3756
994 -4956 -1282 2844 -3394
995 -4403 -1129 2514 -3018
996 -3831 -976 2180 -2628
997 -3245 -822 1840 -2227
998 -2646 -667 1496 -1817
999 -2037 -512 1149 -1399
